0 0.08561197916666667 0.126708984375 0.047526041666666664 0.03466796875
0 0.2581380208333333 0.171630859375 0.047526041666666664 0.03466796875
0 0.3199869791666667 0.132080078125 0.047526041666666664 0.03466796875
0 0.4944661458333333 0.095458984375 0.047526041666666664 0.03466796875
0 0.6624348958333334 0.086669921875 0.047526041666666664 0.03466796875
0 0.7965494791666666 0.083251953125 0.047526041666666664 0.03466796875
0 0.8675130208333334 0.155029296875 0.047526041666666664 0.03466796875
0 0.7646484375 0.239013671875 0.047526041666666664 0.03466796875
0 0.6956380208333334 0.185302734375 0.047526041666666664 0.03466796875
0 0.6311848958333334 0.248291015625 0.047526041666666664 0.03466796875
0 0.6813151041666666 0.295166015625 0.047526041666666664 0.03466796875
0 0.5602213541666666 0.311767578125 0.047526041666666664 0.03466796875
0 0.5218098958333334 0.240966796875 0.047526041666666664 0.03466796875
0 0.4300130208333333 0.275146484375 0.047526041666666664 0.03466796875
0 0.3258463541666667 0.239990234375 0.047526041666666664 0.03466796875
0 0.2236328125 0.246826171875 0.047526041666666664 0.03466796875
0 0.12923177083333334 0.230712890625 0.047526041666666664 0.03466796875
0 0.13248697916666666 0.312255859375 0.047526041666666664 0.03466796875
0 0.21516927083333334 0.360595703125 0.047526041666666664 0.03466796875
0 0.1474609375 0.402587890625 0.047526041666666664 0.03466796875
0 0.24186197916666666 0.453369140625 0.047526041666666664 0.03466796875
0 0.15462239583333334 0.491943359375 0.047526041666666664 0.03466796875
0 0.22233072916666666 0.521728515625 0.047526041666666664 0.03466796875
0 0.15852864583333334 0.564697265625 0.047526041666666664 0.03466796875
0 0.2333984375 0.598388671875 0.047526041666666664 0.03466796875
0 0.1669921875 0.636962890625 0.047526041666666664 0.03466796875
0 0.2607421875 0.663818359375 0.047526041666666664 0.03466796875
0 0.16243489583333334 0.709716796875 0.047526041666666664 0.03466796875
0 0.2503255208333333 0.721923828125 0.047526041666666664 0.03466796875
0 0.1982421875 0.772705078125 0.047526041666666664 0.03466796875
0 0.2880859375 0.780517578125 0.047526041666666664 0.03466796875
0 0.3434244791666667 0.734619140625 0.047526041666666664 0.03466796875
0 0.3902994791666667 0.788330078125 0.047526041666666664 0.03466796875
0 0.4391276041666667 0.731201171875 0.047526041666666664 0.03466796875
0 0.3636067708333333 0.674560546875 0.047526041666666664 0.03466796875
0 0.3154296875 0.608642578125 0.047526041666666664 0.03466796875
0 0.3186848958333333 0.541259765625 0.047526041666666664 0.03466796875
0 0.3414713541666667 0.474853515625 0.047526041666666664 0.03466796875
0 0.3141276041666667 0.390869140625 0.047526041666666664 0.03466796875
0 0.3831380208333333 0.342529296875 0.047526041666666664 0.03466796875
0 0.2763671875 0.310791015625 0.047526041666666664 0.03466796875
0 0.4781901041666667 0.346923828125 0.047526041666666664 0.03466796875
0 0.5465494791666666 0.401123046875 0.047526041666666664 0.03466796875
0 0.4208984375 0.419189453125 0.047526041666666664 0.03466796875
0 0.4840494791666667 0.475341796875 0.047526041666666664 0.03466796875
0 0.4235026041666667 0.517333984375 0.047526041666666664 0.03466796875
0 0.4020182291666667 0.590087890625 0.047526041666666664 0.03466796875
0 0.4690755208333333 0.617919921875 0.047526041666666664 0.03466796875
0 0.4860026041666667 0.683349609375 0.047526041666666664 0.03466796875
0 0.5426432291666666 0.736083984375 0.047526041666666664 0.03466796875
0 0.4860026041666667 0.785400390625 0.047526041666666664 0.03466796875
0 0.5895182291666666 0.795166015625 0.047526041666666664 0.03466796875
0 0.6416015625 0.739013671875 0.047526041666666664 0.03466796875
0 0.5966796875 0.671630859375 0.047526041666666664 0.03466796875
0 0.5686848958333334 0.600341796875 0.047526041666666664 0.03466796875
0 0.5048828125 0.550537109375 0.047526041666666664 0.03466796875
0 0.5615234375 0.508544921875 0.047526041666666664 0.03466796875
0 0.6083984375 0.442138671875 0.047526041666666664 0.03466796875
0 0.7125651041666666 0.444580078125 0.047526041666666664 0.03466796875
0 0.6604817708333334 0.513916015625 0.047526041666666664 0.03466796875
0 0.7203776041666666 0.572021484375 0.047526041666666664 0.03466796875
0 0.6546223958333334 0.628173828125 0.047526041666666664 0.03466796875
0 0.6982421875 0.694091796875 0.047526041666666664 0.03466796875
0 0.7516276041666666 0.761474609375 0.047526041666666664 0.03466796875
0 0.6832682291666666 0.803955078125 0.047526041666666664 0.03466796875
0 0.8258463541666666 0.800537109375 0.047526041666666664 0.03466796875
0 0.8173828125 0.724365234375 0.047526041666666664 0.03466796875
0 0.7874348958333334 0.655029296875 0.047526041666666664 0.03466796875
0 0.8277994791666666 0.581787109375 0.047526041666666664 0.03466796875
0 0.8251953125 0.503662109375 0.047526041666666664 0.03466796875
0 0.8291015625 0.417724609375 0.047526041666666664 0.03466796875
0 0.7470703125 0.352783203125 0.047526041666666664 0.03466796875
0 0.6474609375 0.370849609375 0.047526041666666664 0.03466796875
0 0.8453776041666666 0.307373046875 0.047526041666666664 0.03466796875
0 0.5797526041666666 0.147216796875 0.047526041666666664 0.03466796875
0 0.4287109375 0.173583984375 0.047526041666666664 0.03466796875