0 0.0830078125 0.119384765625 0.043619791666666664 0.02685546875
0 0.2548828125 0.173095703125 0.042317708333333336 0.02587890625
0 0.3235677083333333 0.137451171875 0.04296875 0.02490234375
0 0.5071614583333334 0.107666015625 0.026041666666666668 0.02001953125
0 0.5826822916666666 0.139892578125 0.046875 0.01318359375
0 0.6533203125 0.086669921875 0.043619791666666664 0.02392578125
0 0.8092447916666666 0.103515625 0.07942708333333333 0.0576171875
0 0.8727213541666666 0.144775390625 0.047526041666666664 0.02783203125
0 0.6910807291666666 0.18994140625 0.044921875 0.0263671875
0 0.7786458333333334 0.245361328125 0.06640625 0.04443359375
0 0.830078125 0.298828125 0.01953125 0.033203125
0 0.7555338541666666 0.347412109375 0.044921875 0.03369140625
0 0.6748046875 0.2890625 0.016276041666666668 0.01171875
0 0.626953125 0.251708984375 0.057291666666666664 0.03076171875
0 0.5166015625 0.2490234375 0.057942708333333336 0.03515625
0 0.5657552083333334 0.315185546875 0.061197916666666664 0.04443359375
0 0.423828125 0.27294921875 0.06380208333333333 0.0390625
0 0.4703776041666667 0.340576171875 0.051432291666666664 0.03759765625
0 0.5426432291666666 0.39697265625 0.054036458333333336 0.044921875
0 0.64453125 0.377197265625 0.0625 0.05029296875
0 0.7115885416666666 0.44677734375 0.022135416666666668 0.017578125
0 0.7607421875 0.5859375 0.057942708333333336 0.2568359375