0 0.0830078125 0.119384765625 0.043619791666666664 0.02685546875
0 0.2548828125 0.173095703125 0.042317708333333336 0.02587890625
0 0.3235677083333333 0.137451171875 0.04296875 0.02490234375
0 0.5071614583333334 0.107666015625 0.026041666666666668 0.02001953125
0 0.5826822916666666 0.139892578125 0.046875 0.01318359375
0 0.6533203125 0.086669921875 0.043619791666666664 0.02392578125
0 0.8092447916666666 0.103515625 0.07942708333333333 0.0576171875
0 0.8727213541666666 0.144775390625 0.047526041666666664 0.02783203125
0 0.6910807291666666 0.18994140625 0.044921875 0.0263671875
0 0.7786458333333334 0.245361328125 0.06640625 0.04443359375
0 0.830078125 0.298828125 0.01953125 0.033203125
0 0.7555338541666666 0.347412109375 0.044921875 0.03369140625
0 0.6748046875 0.2890625 0.016276041666666668 0.01171875
0 0.626953125 0.251708984375 0.057291666666666664 0.03076171875
0 0.5166015625 0.2490234375 0.057942708333333336 0.03515625
0 0.5657552083333334 0.315185546875 0.061197916666666664 0.04443359375
0 0.423828125 0.27294921875 0.06380208333333333 0.0390625
0 0.4703776041666667 0.340576171875 0.051432291666666664 0.03759765625
0 0.5426432291666666 0.39697265625 0.054036458333333336 0.044921875
0 0.64453125 0.377197265625 0.0625 0.05029296875
0 0.7115885416666666 0.44677734375 0.022135416666666668 0.017578125
0 0.7607421875 0.5859375 0.057942708333333336 0.2568359375
0 0.1630859375 0.235595703125 0.043619791666666664 0.02685546875
0 0.2470703125 0.252197265625 0.043619791666666664 0.02685546875
0 0.3427734375 0.243408203125 0.043619791666666664 0.02685546875
0 0.2802734375 0.318115234375 0.043619791666666664 0.02685546875
0 0.22884114583333334 0.362548828125 0.043619791666666664 0.02685546875
0 0.13248697916666666 0.316650390625 0.043619791666666664 0.02685546875
0 0.14615885416666666 0.406982421875 0.043619791666666664 0.02685546875
0 0.23600260416666666 0.446533203125 0.043619791666666664 0.02685546875
0 0.13834635416666666 0.481201171875 0.043619791666666664 0.02685546875
0 0.23860677083333334 0.531494140625 0.043619791666666664 0.02685546875
0 0.3121744791666667 0.537353515625 0.043619791666666664 0.02685546875
0 0.3473307291666667 0.468017578125 0.043619791666666664 0.02685546875
0 0.4117838541666667 0.420654296875 0.043619791666666664 0.02685546875
0 0.3225911458333333 0.404541015625 0.043619791666666664 0.02685546875
0 0.3844401041666667 0.347412109375 0.043619791666666664 0.02685546875
0 0.1474609375 0.578369140625 0.043619791666666664 0.02685546875
0 0.24772135416666666 0.598388671875 0.043619791666666664 0.02685546875
0 0.15657552083333334 0.622802734375 0.043619791666666664 0.02685546875
0 0.2431640625 0.667236328125 0.043619791666666664 0.02685546875
0 0.3024088541666667 0.613037109375 0.043619791666666664 0.02685546875
0 0.3837890625 0.582763671875 0.043619791666666664 0.02685546875
0 0.3994140625 0.519775390625 0.043619791666666664 0.02685546875
0 0.5003255208333334 0.463134765625 0.043619791666666664 0.02685546875
0 0.8212890625 0.418701171875 0.043619791666666664 0.02685546875
0 0.8232421875 0.499267578125 0.043619791666666664 0.02685546875
0 0.8193359375 0.587646484375 0.043619791666666664 0.02685546875
0 0.7275390625 0.567626953125 0.043619791666666664 0.02685546875
0 0.6689453125 0.514404296875 0.043619791666666664 0.02685546875
0 0.6175130208333334 0.448974609375 0.043619791666666664 0.02685546875
0 0.5992838541666666 0.520751953125 0.043619791666666664 0.02685546875
0 0.4944661458333333 0.546630859375 0.043619791666666664 0.02685546875
0 0.5680338541666666 0.600830078125 0.043619791666666664 0.02685546875
0 0.4716796875 0.623779296875 0.043619791666666664 0.02685546875
0 0.4847005208333333 0.680419921875 0.043619791666666664 0.02685546875
0 0.4176432291666667 0.725341796875 0.043619791666666664 0.02685546875
0 0.3681640625 0.671142578125 0.043619791666666664 0.02685546875
0 0.3421223958333333 0.730224609375 0.043619791666666664 0.02685546875
0 0.24837239583333334 0.720458984375 0.043619791666666664 0.02685546875
0 0.15852864583333334 0.698486328125 0.043619791666666664 0.02685546875
0 0.1923828125 0.771240234375 0.043619791666666664 0.02685546875
0 0.2900390625 0.773681640625 0.043619791666666664 0.02685546875
0 0.3831380208333333 0.781494140625 0.043619791666666664 0.02685546875
0 0.4847005208333333 0.783447265625 0.043619791666666664 0.02685546875
0 0.5289713541666666 0.737548828125 0.043619791666666664 0.02685546875
0 0.5804036458333334 0.793212890625 0.043619791666666664 0.02685546875
0 0.6305338541666666 0.735107421875 0.043619791666666664 0.02685546875
0 0.7340494791666666 0.758544921875 0.043619791666666664 0.02685546875
0 0.6982421875 0.694091796875 0.043619791666666664 0.02685546875
0 0.6611328125 0.634033203125 0.043619791666666664 0.02685546875
0 0.6904296875 0.806396484375 0.043619791666666664 0.02685546875
0 0.8095703125 0.810302734375 0.043619791666666664 0.02685546875
0 0.8271484375 0.728271484375 0.043619791666666664 0.02685546875
0 0.7919921875 0.652099609375 0.043619791666666664 0.02685546875