0 0.08170572916666667 0.10986328125 0.035807291666666664 0.0380859375
0 0.2607421875 0.18310546875 0.035807291666666664 0.0380859375
0 0.3193359375 0.1572265625 0.035807291666666664 0.0380859375
0 0.4899088541666667 0.10205078125 0.035807291666666664 0.0380859375
0 0.5732421875 0.1513671875 0.035807291666666664 0.0380859375
0 0.6448567708333334 0.095703125 0.035807291666666664 0.0380859375
0 0.7926432291666666 0.091796875 0.035807291666666664 0.0380859375
0 0.8740234375 0.15283203125 0.035807291666666664 0.0380859375
0 0.6956380208333334 0.18896484375 0.035807291666666664 0.0380859375
0 0.7620442708333334 0.24169921875 0.035807291666666664 0.0380859375
0 0.8649088541666666 0.30419921875 0.035807291666666664 0.0380859375
0 0.6969401041666666 0.29736328125 0.035807291666666664 0.0380859375
0 0.7548828125 0.35205078125 0.035807291666666664 0.0380859375