0 0.0830078125 0.119384765625 0.043619791666666664 0.02685546875
0 0.2548828125 0.173095703125 0.042317708333333336 0.02587890625
0 0.3235677083333333 0.137451171875 0.04296875 0.02490234375
0 0.5071614583333334 0.107666015625 0.026041666666666668 0.02001953125
0 0.5826822916666666 0.139892578125 0.046875 0.01318359375
0 0.6533203125 0.086669921875 0.043619791666666664 0.02392578125
0 0.8092447916666666 0.103515625 0.07942708333333333 0.0576171875
0 0.8727213541666666 0.144775390625 0.047526041666666664 0.02783203125
0 0.6910807291666666 0.18994140625 0.044921875 0.0263671875
0 0.7786458333333334 0.245361328125 0.06640625 0.04443359375
0 0.830078125 0.298828125 0.01953125 0.033203125
0 0.7555338541666666 0.347412109375 0.044921875 0.03369140625
0 0.6748046875 0.2890625 0.016276041666666668 0.01171875
0 0.626953125 0.251708984375 0.057291666666666664 0.03076171875
0 0.5166015625 0.2490234375 0.057942708333333336 0.03515625
0 0.5657552083333334 0.315185546875 0.061197916666666664 0.04443359375
0 0.423828125 0.27294921875 0.06380208333333333 0.0390625
0 0.13053385416666666 0.233154296875 0.043619791666666664 0.02685546875
0 0.2177734375 0.244873046875 0.043619791666666664 0.02685546875
0 0.3382161458333333 0.239501953125 0.043619791666666664 0.02685546875
0 0.2822265625 0.306396484375 0.043619791666666664 0.02685546875
0 0.2119140625 0.364013671875 0.043619791666666664 0.02685546875
0 0.15006510416666666 0.397216796875 0.043619791666666664 0.02685546875
0 0.3245442708333333 0.396728515625 0.043619791666666664 0.02685546875
0 0.3811848958333333 0.342041015625 0.043619791666666664 0.02685546875
0 0.4007161458333333 0.418701171875 0.043619791666666664 0.02685546875
0 0.4684244791666667 0.341064453125 0.043619791666666664 0.02685546875
0 0.5458984375 0.387939453125 0.043619791666666664 0.02685546875
0 0.6070963541666666 0.445556640625 0.043619791666666664 0.02685546875
0 0.4762369791666667 0.475830078125 0.043619791666666664 0.02685546875
0 0.5771484375 0.510009765625 0.043619791666666664 0.02685546875
0 0.6819661458333334 0.520263671875 0.043619791666666664 0.02685546875
0 0.7171223958333334 0.583740234375 0.043619791666666664 0.02685546875
0 0.8043619791666666 0.583740234375 0.043619791666666664 0.02685546875
0 0.7952473958333334 0.656005859375 0.043619791666666664 0.02685546875
0 0.8277994791666666 0.731201171875 0.043619791666666664 0.02685546875
0 0.7464192708333334 0.757568359375 0.043619791666666664 0.02685546875
0 0.8258463541666666 0.803955078125 0.043619791666666664 0.02685546875
0 0.6761067708333334 0.801513671875 0.043619791666666664 0.02685546875
0 0.6370442708333334 0.740478515625 0.043619791666666664 0.02685546875
0 0.5693359375 0.801513671875 0.043619791666666664 0.02685546875
0 0.5439453125 0.738525390625 0.043619791666666664 0.02685546875
0 0.4840494791666667 0.781494140625 0.043619791666666664 0.02685546875
0 0.4352213541666667 0.721435546875 0.043619791666666664 0.02685546875
0 0.3831380208333333 0.784423828125 0.043619791666666664 0.02685546875
0 0.3479817708333333 0.726318359375 0.043619791666666664 0.02685546875
0 0.2913411458333333 0.779052734375 0.043619791666666664 0.02685546875
0 0.2490234375 0.715087890625 0.043619791666666664 0.02685546875
0 0.1943359375 0.777587890625 0.043619791666666664 0.02685546875
0 0.18782552083333334 0.718505859375 0.043619791666666664 0.02685546875
0 0.24967447916666666 0.659912109375 0.043619791666666664 0.02685546875
0 0.3212890625 0.618896484375 0.043619791666666664 0.02685546875
0 0.3564453125 0.670166015625 0.043619791666666664 0.02685546875
0 0.4840494791666667 0.608154296875 0.043619791666666664 0.02685546875
0 0.4072265625 0.590576171875 0.043619791666666664 0.02685546875
0 0.5074869791666666 0.548583984375 0.043619791666666664 0.02685546875
0 0.5947265625 0.617431640625 0.043619791666666664 0.02685546875
0 0.4788411458333333 0.679931640625 0.043619791666666664 0.02685546875
0 0.5875651041666666 0.681396484375 0.043619791666666664 0.02685546875
0 0.7001953125 0.698486328125 0.043619791666666664 0.02685546875
0 0.7184244791666666 0.443603515625 0.043619791666666664 0.02685546875
0 0.8330078125 0.414794921875 0.043619791666666664 0.02685546875
0 0.1259765625 0.302490234375 0.043619791666666664 0.02685546875
0 0.4306640625 0.166748046875 0.043619791666666664 0.02685546875
0 0.2431640625 0.455810546875 0.043619791666666664 0.02685546875
0 0.15592447916666666 0.493896484375 0.043619791666666664 0.02685546875
0 0.2177734375 0.524169921875 0.043619791666666664 0.02685546875
0 0.1572265625 0.568603515625 0.043619791666666664 0.02685546875
0 0.3160807291666667 0.544677734375 0.043619791666666664 0.02685546875
0 0.3466796875 0.469482421875 0.043619791666666664 0.02685546875
0 0.4222005208333333 0.527587890625 0.043619791666666664 0.02685546875
0 0.16634114583333334 0.634521484375 0.043619791666666664 0.02685546875
0 0.23079427083333334 0.598388671875 0.043619791666666664 0.02685546875
0 0.6591796875 0.634033203125 0.043619791666666664 0.02685546875
0 0.8089192708333334 0.493896484375 0.043619791666666664 0.02685546875