0 0.08756510416666667 0.122802734375 0.042317708333333336 0.04248046875
0 0.1201171875 0.230712890625 0.042317708333333336 0.04248046875
0 0.20865885416666666 0.241455078125 0.042317708333333336 0.04248046875
0 0.2620442708333333 0.168212890625 0.042317708333333336 0.04248046875
0 0.3160807291666667 0.139892578125 0.042317708333333336 0.04248046875
0 0.4287109375 0.165283203125 0.042317708333333336 0.04248046875
0 0.4866536458333333 0.087158203125 0.042317708333333336 0.04248046875
0 0.5751953125 0.151123046875 0.042317708333333336 0.04248046875
0 0.6598307291666666 0.085693359375 0.042317708333333336 0.04248046875
0 0.8011067708333334 0.093017578125 0.042317708333333336 0.04248046875
0 0.8766276041666666 0.160400390625 0.042317708333333336 0.04248046875
0 0.7770182291666666 0.239501953125 0.042317708333333336 0.04248046875
0 0.7106119791666666 0.191650390625 0.042317708333333336 0.04248046875
0 0.6201171875 0.256103515625 0.042317708333333336 0.04248046875
0 0.6728515625 0.302490234375 0.042317708333333336 0.04248046875
0 0.7522786458333334 0.364013671875 0.042317708333333336 0.04248046875
0 0.8479817708333334 0.296630859375 0.042317708333333336 0.04248046875
0 0.8238932291666666 0.426513671875 0.042317708333333336 0.04248046875
0 0.7203776041666666 0.441650390625 0.042317708333333336 0.04248046875
0 0.6474609375 0.372314453125 0.042317708333333336 0.04248046875
0 0.5699869791666666 0.307373046875 0.042317708333333336 0.04248046875
0 0.5224609375 0.249267578125 0.042317708333333336 0.04248046875
0 0.4287109375 0.267333984375 0.042317708333333336 0.04248046875
0 0.3382161458333333 0.237548828125 0.042317708333333336 0.04248046875
0 0.2744140625 0.316650390625 0.042317708333333336 0.04248046875
0 0.21516927083333334 0.356689453125 0.042317708333333336 0.04248046875
0 0.12337239583333333 0.317138671875 0.042317708333333336 0.04248046875
0 0.15201822916666666 0.408447265625 0.042317708333333336 0.04248046875
0 0.2353515625 0.451416015625 0.042317708333333336 0.04248046875
0 0.14615885416666666 0.487548828125 0.042317708333333336 0.04248046875
0 0.22233072916666666 0.528076171875 0.042317708333333336 0.04248046875
0 0.1513671875 0.566650390625 0.042317708333333336 0.04248046875
0 0.2353515625 0.595458984375 0.042317708333333336 0.04248046875
0 0.1630859375 0.638916015625 0.042317708333333336 0.04248046875
0 0.2555338541666667 0.666748046875 0.042317708333333336 0.04248046875
0 0.3212890625 0.620849609375 0.042317708333333336 0.04248046875
0 0.3225911458333333 0.538330078125 0.042317708333333336 0.04248046875
0 0.3531901041666667 0.464111328125 0.042317708333333336 0.04248046875
0 0.3115234375 0.389404296875 0.042317708333333336 0.04248046875
0 0.4287109375 0.417724609375 0.042317708333333336 0.04248046875
0 0.3981119791666667 0.334716796875 0.042317708333333336 0.04248046875
0 0.5458984375 0.387939453125 0.042317708333333336 0.04248046875
0 0.4794921875 0.336181640625 0.042317708333333336 0.04248046875
0 0.4840494791666667 0.463134765625 0.042317708333333336 0.04248046875
0 0.4163411458333333 0.518310546875 0.042317708333333336 0.04248046875
0 0.4912109375 0.547607421875 0.042317708333333336 0.04248046875
0 0.5628255208333334 0.514404296875 0.042317708333333336 0.04248046875
0 0.6149088541666666 0.442138671875 0.042317708333333336 0.04248046875
0 0.6611328125 0.519775390625 0.042317708333333336 0.04248046875
0 0.8251953125 0.499267578125 0.042317708333333336 0.04248046875
0 0.7223307291666666 0.580810546875 0.042317708333333336 0.04248046875
0 0.8284505208333334 0.576904296875 0.042317708333333336 0.04248046875
0 0.7900390625 0.652587890625 0.042317708333333336 0.04248046875
0 0.8258463541666666 0.732177734375 0.042317708333333336 0.04248046875
0 0.7529296875 0.758544921875 0.042317708333333336 0.04248046875
0 0.8069661458333334 0.802978515625 0.042317708333333336 0.04248046875
0 0.6865234375 0.804443359375 0.042317708333333336 0.04248046875
0 0.6285807291666666 0.740478515625 0.042317708333333336 0.04248046875
0 0.5823567708333334 0.794677734375 0.042317708333333336 0.04248046875
0 0.5354817708333334 0.738525390625 0.042317708333333336 0.04248046875
0 0.4781901041666667 0.783447265625 0.042317708333333336 0.04248046875
0 0.3916015625 0.788330078125 0.042317708333333336 0.04248046875
0 0.3447265625 0.731201171875 0.042317708333333336 0.04248046875
0 0.2555338541666667 0.718505859375 0.042317708333333336 0.04248046875
0 0.1611328125 0.706298828125 0.042317708333333336 0.04248046875
0 0.20084635416666666 0.778076171875 0.042317708333333336 0.04248046875
0 0.1572265625 0.964111328125 0.042317708333333336 0.04248046875
0 0.2568359375 0.978271484375 0.042317708333333336 0.04248046875
0 0.4267578125 0.933837890625 0.042317708333333336 0.04248046875
0 0.5315755208333334 0.988037109375 0.042317708333333336 0.04248046875
0 0.6188151041666666 0.957763671875 0.042317708333333336 0.04248046875
0 0.7210286458333334 0.974365234375 0.042317708333333336 0.04248046875
0 0.4313151041666667 0.728759765625 0.042317708333333336 0.04248046875
0 0.3636067708333333 0.674072265625 0.042317708333333336 0.04248046875
0 0.4951171875 0.685791015625 0.042317708333333336 0.04248046875
0 0.4723307291666667 0.618896484375 0.042317708333333336 0.04248046875
0 0.4007161458333333 0.586669921875 0.042317708333333336 0.04248046875
0 0.6598307291666666 0.636474609375 0.042317708333333336 0.04248046875
0 0.5719401041666666 0.602294921875 0.042317708333333336 0.04248046875
0 0.6018880208333334 0.681396484375 0.042317708333333336 0.04248046875
0 0.7067057291666666 0.699462890625 0.042317708333333336 0.04248046875