0 0.08919270833333333 0.125732421875 0.052083333333333336 0.04150390625
0 0.248046875 0.173583984375 0.052083333333333336 0.04150390625
0 0.31640625 0.139404296875 0.052083333333333336 0.04150390625
0 0.4303385416666667 0.175537109375 0.052083333333333336 0.04150390625
0 0.490234375 0.092041015625 0.052083333333333336 0.04150390625
0 0.576171875 0.153564453125 0.052083333333333336 0.04150390625
0 0.6575520833333334 0.087646484375 0.052083333333333336 0.04150390625
0 0.8059895833333334 0.085205078125 0.052083333333333336 0.04150390625
0 0.8697916666666666 0.160400390625 0.052083333333333336 0.04150390625
0 0.7708333333333334 0.240478515625 0.052083333333333336 0.04150390625
0 0.701171875 0.188232421875 0.052083333333333336 0.04150390625
0 0.630859375 0.252197265625 0.052083333333333336 0.04150390625
0 0.681640625 0.305419921875 0.052083333333333336 0.04150390625
0 0.7571614583333334 0.360107421875 0.052083333333333336 0.04150390625
0 0.8541666666666666 0.302490234375 0.052083333333333336 0.04150390625
0 0.650390625 0.373779296875 0.052083333333333336 0.04150390625
0 0.572265625 0.309326171875 0.052083333333333336 0.04150390625
0 0.5240885416666666 0.247802734375 0.052083333333333336 0.04150390625
0 0.4264322916666667 0.276611328125 0.052083333333333336 0.04150390625
0 0.3313802083333333 0.242431640625 0.052083333333333336 0.04150390625
0 0.2877604166666667 0.319091796875 0.052083333333333336 0.04150390625
0 0.21744791666666666 0.252685546875 0.052083333333333336 0.04150390625
0 0.12825520833333334 0.233154296875 0.052083333333333336 0.04150390625
0 0.13151041666666666 0.317138671875 0.052083333333333336 0.04150390625
0 0.22135416666666666 0.363037109375 0.052083333333333336 0.04150390625
0 0.13997395833333334 0.404541015625 0.052083333333333336 0.04150390625
0 0.23893229166666666 0.456298828125 0.052083333333333336 0.04150390625
0 0.3125 0.396728515625 0.052083333333333336 0.04150390625
0 0.3815104166666667 0.343505859375 0.052083333333333336 0.04150390625
0 0.4798177083333333 0.341064453125 0.052083333333333336 0.04150390625
0 0.5416666666666666 0.398681640625 0.052083333333333336 0.04150390625
0 0.6106770833333334 0.452392578125 0.052083333333333336 0.04150390625
0 0.7135416666666666 0.449462890625 0.052083333333333336 0.04150390625
0 0.8274739583333334 0.416259765625 0.052083333333333336 0.04150390625
0 0.8111979166666666 0.496337890625 0.052083333333333336 0.04150390625
0 0.4088541666666667 0.417236328125 0.052083333333333336 0.04150390625
0 0.3365885416666667 0.467529296875 0.052083333333333336 0.04150390625
0 0.15234375 0.482666015625 0.052083333333333336 0.04150390625
0 0.22330729166666666 0.521728515625 0.052083333333333336 0.04150390625
0 0.3190104166666667 0.541259765625 0.052083333333333336 0.04150390625
0 0.4114583333333333 0.516845703125 0.052083333333333336 0.04150390625
0 0.5 0.552490234375 0.052083333333333336 0.04150390625
0 0.4869791666666667 0.465087890625 0.052083333333333336 0.04150390625
0 0.5651041666666666 0.518798828125 0.052083333333333336 0.04150390625
0 0.658203125 0.518798828125 0.052083333333333336 0.04150390625
0 0.7239583333333334 0.574462890625 0.052083333333333336 0.04150390625
0 0.8209635416666666 0.579833984375 0.052083333333333336 0.04150390625
0 0.7825520833333334 0.662353515625 0.052083333333333336 0.04150390625
0 0.7063802083333334 0.691650390625 0.052083333333333336 0.04150390625
0 0.654296875 0.638916015625 0.052083333333333336 0.04150390625
0 0.5709635416666666 0.600830078125 0.052083333333333336 0.04150390625
0 0.47265625 0.619384765625 0.052083333333333336 0.04150390625
0 0.3990885416666667 0.588623046875 0.052083333333333336 0.04150390625
0 0.3157552083333333 0.617431640625 0.052083333333333336 0.04150390625
0 0.23177083333333334 0.602294921875 0.052083333333333336 0.04150390625
0 0.15169270833333334 0.566162109375 0.052083333333333336 0.04150390625
0 0.15950520833333334 0.636474609375 0.052083333333333336 0.04150390625
0 0.251953125 0.666748046875 0.052083333333333336 0.04150390625
0 0.255859375 0.724365234375 0.052083333333333336 0.04150390625
0 0.16145833333333334 0.708740234375 0.052083333333333336 0.04150390625
0 0.189453125 0.773681640625 0.052083333333333336 0.04150390625
0 0.287109375 0.782958984375 0.052083333333333336 0.04150390625
0 0.3404947916666667 0.736572265625 0.052083333333333336 0.04150390625
0 0.3717447916666667 0.671142578125 0.052083333333333336 0.04150390625
0 0.4290364583333333 0.722412109375 0.052083333333333336 0.04150390625
0 0.3919270833333333 0.784423828125 0.052083333333333336 0.04150390625
0 0.4765625 0.783447265625 0.052083333333333336 0.04150390625
0 0.53515625 0.736572265625 0.052083333333333336 0.04150390625
0 0.4869791666666667 0.687744140625 0.052083333333333336 0.04150390625
0 0.5904947916666666 0.682373046875 0.052083333333333336 0.04150390625
0 0.6360677083333334 0.744384765625 0.052083333333333336 0.04150390625
0 0.5924479166666666 0.798583984375 0.052083333333333336 0.04150390625
0 0.68359375 0.804931640625 0.052083333333333336 0.04150390625
0 0.7454427083333334 0.762939453125 0.052083333333333336 0.04150390625
0 0.8079427083333334 0.802978515625 0.052083333333333336 0.04150390625
0 0.828125 0.728271484375 0.052083333333333336 0.04150390625